17 41 00 00 13 01 01 1e 13 01 01 ff 23 26 11 00 
ef 10 90 42 73 00 10 00 93 08 05 00 13 83 05 00 
13 07 06 00 13 08 05 00 93 87 05 00 63 92 06 28 
b7 25 00 00 93 85 c5 ea 63 76 c3 0e b7 06 01 00 
63 78 d6 0c 93 36 06 10 93 b6 16 00 93 96 36 00 
33 55 d6 00 b3 85 a5 00 83 c5 05 00 13 05 00 02 
b3 86 d5 00 b3 05 d5 40 63 0c d5 00 b3 17 b3 00 
b3 d6 d8 00 33 17 b6 00 b3 e7 f6 00 33 98 b8 00 
93 55 07 01 33 d3 b7 02 13 16 07 01 13 56 06 01 
b3 f7 b7 02 13 05 03 00 b3 08 66 02 93 96 07 01 
93 57 08 01 b3 e7 d7 00 63 fe 17 01 b3 07 f7 00 
13 05 f3 ff 63 e8 e7 00 63 f6 17 01 13 05 e3 ff 
b3 87 e7 00 b3 87 17 41 b3 d8 b7 02 13 18 08 01 
13 58 08 01 b3 f7 b7 02 b3 06 16 03 93 97 07 01 
33 68 f8 00 93 87 08 00 63 7c d8 00 33 08 07 01 
93 87 f8 ff 63 66 e8 00 63 74 d8 00 93 87 e8 ff 
13 15 05 01 33 65 f5 00 93 05 00 00 67 80 00 00 
37 05 00 01 93 06 80 01 e3 7c a6 f2 93 06 00 01 
6f f0 1f f3 93 06 00 00 63 0c 06 00 b7 07 01 00 
63 70 f6 0c 93 36 06 10 93 b6 16 00 93 96 36 00 
b3 57 d6 00 b3 85 f5 00 83 c7 05 00 b3 87 d7 00 
93 06 00 02 b3 85 f6 40 63 96 f6 0a b3 07 c3 40 
93 05 10 00 93 58 07 01 33 de 17 03 13 16 07 01 
13 56 06 01 93 56 08 01 b3 f7 17 03 13 05 0e 00 
33 03 c6 03 93 97 07 01 b3 e7 f6 00 63 fe 67 00 
b3 07 f7 00 13 05 fe ff 63 e8 e7 00 63 f6 67 00 
13 05 ee ff b3 87 e7 00 b3 87 67 40 33 d3 17 03 
13 18 08 01 13 58 08 01 b3 f7 17 03 b3 06 66 02 
93 97 07 01 33 68 f8 00 93 07 03 00 63 7c d8 00 
33 08 07 01 93 07 f3 ff 63 66 e8 00 63 74 d8 00 
93 07 e3 ff 13 15 05 01 33 65 f5 00 67 80 00 00 
b7 07 00 01 93 06 80 01 e3 74 f6 f4 93 06 00 01 
6f f0 1f f4 33 17 b6 00 b3 56 f3 00 13 55 07 01 
33 13 b3 00 b3 d7 f8 00 b3 e7 67 00 33 d3 a6 02 
13 16 07 01 13 56 06 01 33 98 b8 00 b3 f6 a6 02 
b3 08 66 02 93 95 06 01 93 d6 07 01 b3 e6 b6 00 
93 05 03 00 63 fe 16 01 b3 06 d7 00 93 05 f3 ff 
63 e8 e6 00 63 f6 16 01 93 05 e3 ff b3 86 e6 00 
b3 86 16 41 b3 d8 a6 02 93 97 07 01 93 d7 07 01 
b3 f6 a6 02 33 06 16 03 93 96 06 01 b3 e7 d7 00 
93 86 08 00 63 fe c7 00 b3 07 f7 00 93 86 f8 ff 
63 e8 e7 00 63 f6 c7 00 93 86 e8 ff b3 87 e7 00 
93 95 05 01 b3 87 c7 40 b3 e5 d5 00 6f f0 9f eb 
63 e6 d5 18 b7 07 01 00 63 f4 f6 04 13 b7 06 10 
13 37 17 00 13 17 37 00 b7 27 00 00 b3 d5 e6 00 
93 87 c7 ea b3 87 b7 00 83 c7 07 00 b3 87 e7 00 
13 07 00 02 b3 05 f7 40 63 16 f7 02 13 05 10 00 
e3 ee 66 e0 33 b5 c8 00 13 35 15 00 67 80 00 00 
b7 07 00 01 13 07 80 01 e3 f0 f6 fc 13 07 00 01 
6f f0 9f fb 33 57 f6 00 b3 96 b6 00 b3 66 d7 00 
33 57 f3 00 33 13 b3 00 b3 d7 f8 00 b3 e7 67 00 
13 d3 06 01 b3 5e 67 02 13 98 06 01 13 58 08 01 
33 16 b6 00 33 77 67 02 33 0e d8 03 13 15 07 01 
13 d7 07 01 33 67 a7 00 13 85 0e 00 63 7e c7 01 
33 87 e6 00 13 85 fe ff 63 68 d7 00 63 76 c7 01 
13 85 ee ff 33 07 d7 00 33 07 c7 41 33 5e 67 02 
93 97 07 01 93 d7 07 01 33 77 67 02 33 08 c8 03 
13 17 07 01 b3 e7 e7 00 13 07 0e 00 63 fe 07 01 
b3 87 f6 00 13 07 fe ff 63 e8 d7 00 63 f6 07 01 
13 07 ee ff b3 87 d7 00 13 15 05 01 37 0e 01 00 
33 65 e5 00 93 06 fe ff 33 77 d5 00 b3 87 07 41 
b3 76 d6 00 13 58 05 01 13 56 06 01 33 03 d7 02 
b3 06 d8 02 33 07 c7 02 33 08 c8 02 33 06 d7 00 
13 57 03 01 33 07 c7 00 63 74 d7 00 33 08 c8 01 
93 56 07 01 b3 86 06 01 63 e6 d7 02 e3 9e d7 ce 
b7 07 01 00 93 87 f7 ff 33 77 f7 00 13 17 07 01 
33 73 f3 00 b3 98 b8 00 33 07 67 00 93 05 00 00 
e3 fe e8 cc 13 05 f5 ff 6f f0 1f cd 93 05 00 00 
13 05 00 00 67 80 00 00 13 08 06 00 93 07 05 00 
13 87 05 00 63 96 06 20 b7 28 00 00 93 88 c8 ea 
63 fc c5 0c b7 06 01 00 63 7e d6 0a 93 36 06 10 
93 b6 16 00 93 96 36 00 33 53 d6 00 b3 88 68 00 
83 c8 08 00 13 03 00 02 b3 86 d8 00 b3 08 d3 40 
63 0c d3 00 33 97 15 01 b3 56 d5 00 33 18 16 01 
33 e7 e6 00 b3 17 15 01 13 56 08 01 b3 56 c7 02 
13 15 08 01 13 55 05 01 33 77 c7 02 b3 86 a6 02 
93 15 07 01 13 d7 07 01 33 67 b7 00 63 7a d7 00 
33 07 e8 00 63 66 07 01 63 74 d7 00 33 07 07 01 
33 07 d7 40 b3 56 c7 02 33 77 c7 02 b3 86 a6 02 
93 97 07 01 13 17 07 01 93 d7 07 01 b3 e7 e7 00 
63 fa d7 00 b3 07 f8 00 63 e6 07 01 63 f4 d7 00 
b3 87 07 01 b3 87 d7 40 33 d5 17 01 93 05 00 00 
67 80 00 00 37 03 00 01 93 06 80 01 e3 76 66 f4 
93 06 00 01 6f f0 5f f4 93 06 00 00 63 0c 06 00 
37 07 01 00 63 7e e6 06 93 36 06 10 93 b6 16 00 
93 96 36 00 33 57 d6 00 b3 88 e8 00 03 c7 08 00 
33 07 d7 00 93 06 00 02 b3 88 e6 40 63 94 e6 06 
33 87 c5 40 93 55 08 01 33 56 b7 02 13 15 08 01 
13 55 05 01 93 d6 07 01 33 77 b7 02 33 06 a6 02 
13 17 07 01 33 e7 e6 00 63 7a c7 00 33 07 e8 00 
63 66 07 01 63 74 c7 00 33 07 07 01 33 07 c7 40 
b3 56 b7 02 33 77 b7 02 b3 86 a6 02 6f f0 5f f3 
37 07 00 01 93 06 80 01 e3 76 e6 f8 93 06 00 01 
6f f0 5f f8 33 18 16 01 b3 d6 e5 00 b3 17 15 01 
b3 95 15 01 33 57 e5 00 13 55 08 01 33 67 b7 00 
b3 d5 a6 02 13 13 08 01 13 53 03 01 b3 f6 a6 02 
b3 85 65 02 13 96 06 01 93 56 07 01 b3 e6 c6 00 
63 fa b6 00 b3 06 d8 00 63 e6 06 01 63 f4 b6 00 
b3 86 06 01 b3 86 b6 40 33 d6 a6 02 13 17 07 01 
13 57 07 01 b3 f6 a6 02 33 06 66 02 93 96 06 01 
33 67 d7 00 63 7a c7 00 33 07 e8 00 63 66 07 01 
63 74 c7 00 33 07 07 01 33 07 c7 40 6f f0 9f f1 
63 e4 d5 1c 37 08 01 00 63 fe 06 05 13 b8 06 10 
13 38 18 00 13 18 38 00 b7 28 00 00 33 d3 06 01 
93 88 c8 ea b3 88 68 00 83 c8 08 00 13 03 00 02 
b3 88 08 01 33 08 13 41 63 10 13 05 63 e4 b6 00 
63 6c c5 00 33 06 c5 40 b3 86 d5 40 33 37 c5 00 
93 07 06 00 33 87 e6 40 13 85 07 00 93 05 07 00 
67 80 00 00 b7 08 00 01 13 08 80 01 e3 f6 16 fb 
13 08 00 01 6f f0 5f fa b3 57 16 01 b3 96 06 01 
b3 e6 d7 00 33 d7 15 01 13 de 06 01 33 5f c7 03 
13 93 06 01 13 53 03 01 b3 97 05 01 b3 55 15 01 
b3 e5 f5 00 93 d7 05 01 33 16 06 01 33 15 05 01 
33 77 c7 03 b3 0e e3 03 13 17 07 01 b3 e7 e7 00 
13 07 0f 00 63 fe d7 01 b3 87 f6 00 13 07 ff ff 
63 e8 d7 00 63 f6 d7 01 13 07 ef ff b3 87 d7 00 
b3 87 d7 41 b3 de c7 03 93 95 05 01 93 d5 05 01 
b3 f7 c7 03 13 8e 0e 00 33 03 d3 03 93 97 07 01 
b3 e5 f5 00 63 fe 65 00 b3 85 b6 00 13 8e fe ff 
63 e8 d5 00 63 f6 65 00 13 8e ee ff b3 85 d5 00 
93 17 07 01 37 0f 01 00 b3 e7 c7 01 b3 85 65 40 
13 03 ff ff 33 f7 67 00 13 5e 06 01 93 d7 07 01 
33 73 66 00 b3 0e 67 02 33 83 67 02 33 07 c7 03 
b3 87 c7 03 33 0e 67 00 13 d7 0e 01 33 07 c7 01 
63 74 67 00 b3 87 e7 01 13 53 07 01 b3 07 f3 00 
37 03 01 00 13 03 f3 ff 33 77 67 00 13 17 07 01 
b3 fe 6e 00 33 07 d7 01 63 e6 f5 00 63 9e f5 00 
63 7c e5 00 33 06 c7 40 33 33 c7 00 b3 06 d3 00 
13 07 06 00 b3 87 d7 40 33 07 e5 40 33 35 e5 00 
b3 85 f5 40 b3 85 a5 40 b3 98 15 01 33 57 07 01 
33 e5 e8 00 b3 d5 05 01 67 80 00 00 13 01 01 fe 
23 2a 91 00 93 54 75 01 23 28 21 01 23 26 31 01 
23 24 41 01 93 19 95 00 23 2e 11 00 23 2c 81 00 
23 22 51 01 93 f4 f4 0f 13 8a 05 00 93 d9 99 00 
13 59 f5 01 63 84 04 08 93 07 f0 0f 63 80 f4 0a 
93 99 39 00 b7 07 00 04 b3 e9 f9 00 93 84 14 f8 
93 0a 00 00 93 57 7a 01 13 14 9a 00 93 f7 f7 0f 
13 54 94 00 13 5a fa 01 63 8a 07 08 13 07 f0 0f 
63 86 e7 0a 13 14 34 00 37 07 00 04 33 64 e4 00 
93 87 17 f8 13 07 00 00 b3 84 f4 40 93 97 2a 00 
b3 e7 e7 00 93 87 f7 ff 13 06 e0 00 b3 46 49 01 
63 6e f6 08 37 26 00 00 93 97 27 00 13 06 06 e7 
b3 87 c7 00 83 a7 07 00 67 80 07 00 63 8a 09 02 
13 85 09 00 ef 00 50 3d 93 07 b5 ff 93 04 a0 f8 
b3 99 f9 00 b3 84 a4 40 6f f0 9f f7 93 04 f0 0f 
93 0a 20 00 e3 88 09 f6 93 0a 30 00 6f f0 9f f6 
93 04 00 00 93 0a 10 00 6f f0 df f5 63 0a 04 02 
13 05 04 00 ef 00 50 39 93 07 b5 ff 33 14 f4 00 
93 07 a0 f8 b3 87 a7 40 6f f0 df f6 93 07 f0 0f 
13 07 20 00 e3 02 04 f6 13 07 30 00 6f f0 df f5 
93 07 00 00 13 07 10 00 6f f0 1f f5 13 16 54 00 
63 f2 89 12 93 84 f4 ff 93 07 00 00 93 55 06 01 
33 d8 b9 02 37 07 01 00 13 07 07 fe 33 77 e6 00 
93 d7 07 01 b3 f9 b9 02 13 04 08 00 33 05 07 03 
93 99 09 01 b3 e7 37 01 63 fe a7 00 b3 07 f6 00 
13 04 f8 ff 63 e8 c7 00 63 f6 a7 00 13 04 e8 ff 
b3 87 c7 00 b3 87 a7 40 33 d5 b7 02 b3 f7 b7 02 
93 05 05 00 33 07 a7 02 93 97 07 01 63 f2 e7 02 
33 88 c7 00 b3 38 f8 00 93 05 f5 ff 93 07 08 00 
63 98 08 00 63 76 e8 00 93 05 e5 ff b3 07 c8 00 
13 14 04 01 b3 87 e7 40 33 64 b4 00 b3 37 f0 00 
33 64 f4 00 13 87 f4 07 63 58 e0 0c 93 77 74 00 
63 8a 07 00 93 77 f4 00 13 06 40 00 63 84 c7 00 
13 04 44 00 93 17 44 00 63 da 07 00 b7 07 00 f8 
93 87 f7 ff 33 74 f4 00 13 87 04 08 93 07 e0 0f 
63 ca e7 06 93 57 34 00 83 20 c1 01 03 24 81 01 
93 97 97 00 13 17 77 01 93 d7 97 00 33 67 f7 00 
13 95 f6 01 83 24 41 01 03 29 01 01 83 29 c1 00 
03 2a 81 00 83 2a 41 00 33 65 a7 00 13 01 01 02 
67 80 00 00 93 97 f9 01 93 d9 19 00 6f f0 1f ee 
93 06 09 00 13 84 09 00 13 87 0a 00 93 07 30 00 
63 06 f7 08 93 07 10 00 63 0a f7 08 93 07 20 00 
e3 1a f7 f4 93 07 00 00 13 07 f0 0f 6f f0 df f8 
93 06 0a 00 6f f0 9f fd 37 04 40 00 93 06 00 00 
13 07 30 00 6f f0 9f fc 93 07 10 00 b3 87 e7 40 
13 07 b0 01 63 4c f7 04 93 84 e4 09 b3 57 f4 00 
33 14 94 00 33 34 80 00 b3 e7 87 00 13 f7 77 00 
63 0a 07 00 13 f7 f7 00 13 06 40 00 63 04 c7 00 
93 87 47 00 13 97 57 00 93 d7 37 00 63 52 07 02 
93 07 00 00 13 07 10 00 6f f0 1f f2 b7 07 40 00 
13 07 f0 0f 93 06 00 00 6f f0 1f f1 93 07 00 00 
13 07 00 00 6f f0 5f f0 b7 07 80 00 93 87 f7 ff 
93 56 75 01 33 f6 a7 00 13 57 f5 01 93 f6 f6 0f 
13 d5 75 01 13 08 f0 0f b3 f7 b7 00 13 75 f5 0f 
93 d5 f5 01 63 94 06 01 63 12 06 04 13 08 f0 0f 
63 14 05 01 63 9c 07 02 63 9a 06 04 63 1c 05 02 
63 18 06 04 63 82 07 04 13 05 10 00 63 9e 05 02 
13 05 f0 ff 67 80 00 00 e3 c8 a6 fe 63 e2 c7 02 
13 05 00 00 63 72 f6 02 6f f0 1f fe 13 05 20 00 
67 80 00 00 e3 0a 06 fc 63 9e e5 00 e3 5e d5 fc 
13 05 f0 ff 63 8c 05 00 67 80 00 00 e3 16 05 fe 
e3 94 07 fe 13 05 f0 ff e3 18 07 fe 13 05 10 00 
67 80 00 00 13 01 01 fe 23 28 21 01 13 59 75 01 
23 2a 91 00 23 26 31 01 23 22 51 01 93 14 95 00 
23 2e 11 00 23 2c 81 00 23 24 41 01 13 79 f9 0f 
93 8a 05 00 93 d4 94 00 93 59 f5 01 63 08 09 10 
93 07 f0 0f 63 04 f9 12 93 94 34 00 b7 07 00 04 
b3 e4 f4 00 13 09 19 f8 13 0a 00 00 93 d7 7a 01 
13 94 9a 00 93 f7 f7 0f 13 54 94 00 93 da fa 01 
63 8e 07 10 13 07 f0 0f 63 8a e7 12 13 14 34 00 
37 07 00 04 33 64 e4 00 93 87 17 f8 13 07 00 00 
33 09 f9 00 93 17 2a 00 b3 e7 e7 00 13 06 a0 00 
93 06 19 00 63 42 f6 1e 13 06 20 00 b3 c9 59 01 
63 4e f6 10 93 87 f7 ff 13 06 10 00 63 7a f6 12 
37 08 01 00 13 05 f8 ff 13 d6 04 01 93 57 04 01 
b3 f4 a4 00 33 74 a4 00 b3 05 94 02 33 04 86 02 
33 06 f6 02 b3 87 97 02 33 87 87 00 93 d7 05 01 
b3 87 e7 00 63 f4 87 00 33 06 06 01 33 f7 a7 00 
13 17 07 01 b3 f5 a5 00 33 07 b7 00 93 d7 07 01 
13 14 67 00 b3 87 c7 00 13 57 a7 01 93 97 67 00 
33 34 80 00 33 64 e4 00 13 97 47 00 33 e4 87 00 
63 5a 07 00 93 57 14 00 13 74 14 00 33 e4 87 00 
13 89 06 00 93 06 09 00 6f 00 00 0c 63 8a 04 02 
13 85 04 00 ef 00 40 77 93 07 b5 ff 13 09 a0 f8 
b3 94 f4 00 33 09 a9 40 6f f0 1f ef 13 09 f0 0f 
13 0a 20 00 e3 84 04 ee 13 0a 30 00 6f f0 1f ee 
13 09 00 00 13 0a 10 00 6f f0 5f ed 63 0a 04 02 
13 05 04 00 ef 00 40 73 93 07 b5 ff 33 14 f4 00 
93 07 a0 f8 b3 87 a7 40 6f f0 5f ee 93 07 f0 0f 
13 07 20 00 e3 0e 04 ec 13 07 30 00 6f f0 5f ed 
93 07 00 00 13 07 10 00 6f f0 9f ec 13 06 10 00 
b3 17 f6 00 13 f6 07 53 63 10 06 0c 13 f6 07 24 
63 12 06 12 93 f7 87 08 e3 8c 07 ec 93 89 0a 00 
93 07 20 00 63 02 f7 10 93 07 30 00 63 04 f7 10 
93 07 10 00 63 08 f7 10 13 87 f6 07 63 5c e0 08 
93 77 74 00 63 8a 07 00 93 77 f4 00 13 06 40 00 
63 84 c7 00 13 04 44 00 93 17 44 00 63 da 07 00 
b7 07 00 f8 93 87 f7 ff 33 74 f4 00 13 87 06 08 
93 07 e0 0f 63 ca e7 0a 93 57 34 00 83 20 c1 01 
03 24 81 01 93 97 97 00 13 15 77 01 93 d7 97 00 
93 99 f9 01 33 65 f5 00 83 24 41 01 03 29 01 01 
03 2a 81 00 83 2a 41 00 33 65 35 01 83 29 c1 00 
13 01 01 02 67 80 00 00 13 06 f0 00 63 8c c7 06 
13 06 b0 00 e3 8c c7 f4 13 84 04 00 13 07 0a 00 
6f f0 1f f5 93 07 10 00 b3 87 e7 40 13 07 b0 01 
63 42 f7 06 93 86 e6 09 b3 16 d4 00 b3 57 f4 00 
b3 36 d0 00 b3 e7 d7 00 13 f7 77 00 63 0a 07 00 
13 f7 f7 00 93 06 40 00 63 04 d7 00 93 87 47 00 
13 97 57 00 93 d7 37 00 63 58 07 02 93 07 00 00 
13 07 10 00 6f f0 9f f5 93 07 00 00 13 07 f0 0f 
6f f0 df f4 b7 07 40 00 13 07 f0 0f 93 09 00 00 
6f f0 df f3 93 07 00 00 13 07 00 00 6f f0 1f f3 
b7 06 80 00 93 86 f6 ff 13 01 01 ff 33 f6 a6 00 
13 57 75 01 23 24 81 00 13 54 f5 01 13 15 36 00 
13 d6 75 01 b3 f6 b6 00 23 20 21 01 23 26 11 00 
13 79 f7 0f 23 22 91 00 13 76 f6 0f 13 07 f0 0f 
93 d5 f5 01 93 97 36 00 63 14 e6 00 63 94 07 00 
93 c5 15 00 b3 06 c9 40 63 90 85 18 63 5c d0 08 
63 16 06 02 63 80 07 02 93 06 f9 ff 63 98 06 00 
b3 87 a7 00 13 09 10 00 6f 00 c0 04 13 07 f0 0f 
63 1e e9 00 93 07 05 00 6f 00 c0 10 13 07 f0 0f 
e3 0a e9 fe 37 07 00 04 b3 e7 e7 00 13 06 b0 01 
13 07 10 00 63 4e d6 00 13 06 00 02 33 d7 d7 00 
b3 06 d6 40 b3 96 d7 00 b3 36 d0 00 33 67 d7 00 
b3 07 a7 00 13 97 57 00 63 56 07 0c 13 09 19 00 
13 07 f0 0f 63 0a e9 2c 37 07 00 7e 93 f6 17 00 
13 07 f7 ff 93 d7 17 00 b3 f7 e7 00 b3 e7 d7 00 
6f 00 40 0a 63 86 06 06 33 07 26 41 63 10 09 02 
63 08 05 0c 93 06 f7 ff e3 84 06 f6 93 05 f0 0f 
63 10 b7 02 13 09 f0 0f 6f 00 c0 07 93 06 f0 0f 
e3 0a d6 fe b7 06 00 04 33 65 d5 00 93 06 07 00 
93 05 b0 01 13 07 10 00 63 ce d5 00 13 07 00 02 
33 07 d7 40 33 17 e5 00 b3 55 d5 00 33 37 e0 00 
33 e7 e5 00 b3 87 e7 00 13 09 06 00 6f f0 9f f6 
13 07 19 00 93 76 e7 0f 63 9c 06 04 63 12 09 04 
63 02 05 02 e3 88 07 f0 b3 87 a7 00 13 97 57 00 
63 5a 07 00 37 07 00 fc 13 07 f7 ff b3 f7 e7 00 
13 09 10 00 13 f7 77 00 63 0a 07 20 13 f7 f7 00 
93 06 40 00 63 04 d7 20 93 87 47 00 6f 00 00 20 
e3 02 05 f6 63 96 07 16 93 07 05 00 6f f0 9f f5 
93 06 f0 0f 63 00 d7 1e b3 07 f5 00 93 d7 17 00 
13 09 07 00 6f f0 1f fc 63 5e d0 06 63 12 06 06 
e3 82 07 ea 93 06 f9 ff 63 98 06 00 b3 07 f5 40 
13 09 10 00 6f 00 40 03 13 07 f0 0f e3 04 e9 e8 
13 06 b0 01 13 07 10 00 63 4e d6 00 13 06 00 02 
33 d7 d7 00 b3 06 d6 40 b3 96 d7 00 b3 36 d0 00 
33 67 d7 00 b3 07 e5 40 13 97 57 00 e3 54 07 f6 
b7 04 00 04 93 84 f4 ff b3 f4 97 00 6f 00 80 10 
13 07 f0 0f e3 00 e9 e4 37 07 00 04 b3 e7 e7 00 
6f f0 1f fb 63 8e 06 06 33 07 26 41 63 16 09 02 
63 0e 05 1a 93 06 f7 ff 63 98 06 00 b3 87 a7 40 
13 84 05 00 6f f0 df f7 13 08 f0 0f 63 10 07 03 
13 09 f0 0f 6f 00 c0 19 93 06 f0 0f e3 0a d6 fe 
b7 06 00 04 33 65 d5 00 93 06 07 00 13 08 b0 01 
13 07 10 00 63 4e d8 00 13 07 00 02 33 07 d7 40 
33 17 e5 00 33 58 d5 00 33 37 e0 00 33 67 e8 00 
b3 87 e7 40 13 09 06 00 13 84 05 00 6f f0 df f5 
13 07 19 00 13 77 e7 0f 63 1c 07 04 63 1c 09 02 
63 18 05 00 63 9e 07 12 13 04 00 00 6f 00 00 0c 
e3 8a 07 d8 33 07 f5 40 93 16 57 00 b3 87 a7 40 
63 c0 06 12 93 07 07 00 e3 16 07 e8 93 07 00 00 
6f f0 9f fd e3 10 05 ea 13 84 05 00 e3 9c 07 de 
13 04 00 00 b7 07 00 02 13 09 f0 0f 6f 00 00 08 
b3 04 f5 40 13 97 54 00 63 54 07 04 b3 84 a7 40 
13 84 05 00 13 85 04 00 ef 00 00 26 13 05 b5 ff 
b3 94 a4 00 63 4e 25 03 33 05 25 41 13 05 15 00 
13 07 00 02 33 07 a7 40 b3 d7 a4 00 b3 94 e4 00 
b3 34 90 00 b3 e7 97 00 13 09 00 00 6f f0 9f e1 
e3 92 04 fc 93 07 00 00 13 09 00 00 6f f0 df f5 
b7 07 00 fc 93 87 f7 ff 33 09 a9 40 b3 f7 f4 00 
6f f0 5f df 13 09 f0 0f 93 07 00 00 13 97 57 00 
63 5e 07 00 13 09 19 00 13 07 f0 0f 63 06 e9 06 
37 07 00 fc 13 07 f7 ff b3 f7 e7 00 13 07 f0 0f 
93 d7 37 00 63 18 e9 00 63 86 07 00 b7 07 40 00 
13 04 00 00 83 20 c1 00 13 17 79 01 13 15 f4 01 
b7 06 80 7f 03 24 81 00 93 97 97 00 33 77 d7 00 
93 d7 97 00 b3 67 f7 00 83 24 41 00 03 29 01 00 
33 e5 a7 00 13 01 01 01 67 80 00 00 13 09 07 00 
13 84 05 00 6f f0 1f d7 93 07 00 00 6f f0 1f fa 
37 06 80 00 13 57 75 01 93 07 f6 ff 13 77 f7 0f 
93 05 e0 07 b3 f7 a7 00 93 56 f5 01 63 d6 e5 04 
93 05 d0 09 63 da e5 00 37 05 00 80 13 05 f5 ff 
33 85 a6 00 67 80 00 00 33 e5 c7 00 93 07 50 09 
63 dc e7 00 13 07 a7 f6 33 15 e5 00 63 80 06 02 
33 05 a0 40 67 80 00 00 93 07 60 09 b3 87 e7 40 
33 55 f5 00 6f f0 9f fe 13 05 00 00 67 80 00 00 
13 01 01 ff 23 26 11 00 23 24 81 00 23 22 91 00 
93 07 05 00 63 00 05 0e 13 57 f5 41 33 44 a7 00 
33 04 e4 40 93 54 f5 01 13 05 04 00 ef 00 c0 0d 
93 07 e0 09 b3 87 a7 40 13 07 60 09 63 40 f7 04 
13 07 80 00 63 0e e5 0a 13 05 85 ff 33 14 a4 00 
13 14 94 00 13 54 94 00 93 97 77 01 83 20 c1 00 
b3 e7 87 00 03 24 81 00 13 95 f4 01 33 e5 a7 00 
83 24 41 00 13 01 01 01 67 80 00 00 13 07 90 09 
63 54 f7 06 13 07 50 00 33 07 a7 40 93 06 b5 01 
33 57 e4 00 33 14 d4 00 33 34 80 00 33 67 87 00 
37 04 00 fc 13 04 f4 ff 93 76 77 00 33 74 87 00 
63 8a 06 00 13 77 f7 00 93 06 40 00 63 04 d7 00 
13 04 44 00 13 17 54 00 63 5c 07 00 b7 07 00 fc 
93 87 f7 ff 33 74 f4 00 93 07 f0 09 b3 87 a7 40 
13 54 34 00 6f f0 df f6 13 07 b5 ff 33 17 e4 00 
6f f0 1f fb 93 04 00 00 13 04 00 00 6f f0 5f f5 
93 07 60 09 6f f0 df f4 b7 07 01 00 63 7a f5 02 
93 37 05 10 93 b7 17 00 93 97 37 00 37 27 00 00 
93 06 00 02 b3 86 f6 40 33 55 f5 00 93 07 c7 ea 
b3 87 a7 00 03 c5 07 00 33 85 a6 40 67 80 00 00 
37 07 00 01 93 07 80 01 e3 7a e5 fc 93 07 00 01 
6f f0 df fc 13 01 01 ff 23 24 81 00 23 26 11 00 
13 04 05 00 03 45 05 00 63 0a 05 00 ef 00 c0 6f 
03 45 14 00 13 04 14 00 e3 1a 05 fe 83 20 c1 00 
03 24 81 00 13 05 00 00 13 01 01 01 67 80 00 00 
13 07 05 00 93 88 05 00 13 85 05 00 63 5a 07 00 
93 07 d0 02 23 80 f5 00 93 88 15 00 33 07 e0 40 
b7 d6 9a 3b 93 86 06 a0 33 56 d7 02 37 28 00 00 
13 08 88 0c 93 07 00 00 13 03 90 00 63 6e d7 02 
13 03 a0 00 6f 00 c0 00 83 26 08 00 33 56 d7 02 
13 06 06 03 93 87 17 00 23 80 c8 00 93 f7 f7 0f 
13 08 48 00 93 88 18 00 33 77 d7 02 e3 9e 67 fc 
23 80 08 00 67 80 00 00 13 08 48 00 93 85 17 00 
63 8c 67 00 33 77 d7 02 83 26 08 00 93 f7 f5 0f 
33 56 d7 02 6f f0 9f fa 13 06 06 03 23 80 c8 00 
a3 80 08 00 93 88 18 00 67 80 00 00 13 01 01 fc 
23 26 31 03 23 2e 71 01 23 2a 91 01 23 28 a1 01 
23 2e 11 02 23 2c 81 02 23 2a 91 02 23 28 21 03 
23 24 41 03 23 22 51 03 23 20 61 03 23 2c 81 01 
23 26 b1 01 93 8c 05 00 13 0d 05 00 93 0b 06 00 
93 09 06 00 63 d0 05 02 b3 37 a0 00 b3 0c b0 40 
13 07 d0 02 23 00 e6 00 93 09 16 00 33 0d a0 40 
b3 8c fc 40 b7 2d c7 8a b7 d4 cc cc b7 da cc cc 
13 09 40 01 13 0a 00 00 37 04 e8 89 93 8d 4d 30 
13 0c 10 00 13 0b 50 00 93 84 d4 cc 93 8a ca cc 
13 06 04 00 93 86 0d 00 13 05 0d 00 93 85 0c 00 
ef e0 9f 97 93 07 05 00 13 06 04 00 93 86 0d 00 
13 05 0d 00 93 85 0c 00 93 87 07 03 63 18 0a 00 
63 ea bc 07 63 94 9d 01 63 66 8d 06 23 80 f9 00 
13 0a 10 00 93 89 19 00 ef e0 1f d7 b3 07 b4 01 
33 b7 87 00 b3 87 e7 00 b3 f7 67 03 13 09 f9 ff 
13 0d 05 00 93 8c 05 00 b3 07 f4 40 b3 36 f4 00 
b3 86 dd 40 33 86 57 03 b3 86 96 02 33 b7 97 02 
b3 86 c6 00 b3 87 97 02 b3 86 e6 00 13 97 f6 01 
93 dd 16 00 93 d7 17 00 33 64 f7 00 e3 12 09 f6 
6f 00 80 01 e3 12 84 fb e3 90 0d fa 13 0d 0d 03 
23 80 a9 01 93 89 19 00 23 80 09 00 83 20 c1 03 
03 24 81 03 83 24 41 03 03 29 01 03 83 29 c1 02 
03 2a 81 02 83 2a 41 02 03 2b 01 02 03 2c 81 01 
83 2c 41 01 03 2d 01 01 83 2d c1 00 13 85 0b 00 
83 2b c1 01 13 01 01 04 67 80 00 00 13 01 01 f4 
23 2c 81 08 23 2a f1 0a 23 2e 11 08 23 22 b1 0a 
23 24 c1 0a 23 26 d1 0a 23 28 e1 0a 23 2c 01 0b 
23 2e 11 0b 13 04 05 00 03 45 05 00 93 07 41 0a 
23 2e f1 00 63 02 05 0e 23 2a 91 07 b7 2c 00 00 
93 87 cc fa 23 22 51 09 23 2a 91 08 23 28 21 09 
23 26 31 09 93 0a 50 02 23 24 f1 00 63 14 55 1f 
03 47 14 00 63 00 57 21 93 07 87 fa 93 f7 f7 0f 
93 06 00 02 63 e0 f6 08 83 26 81 00 93 97 27 00 
b3 87 d7 00 83 a7 07 00 67 80 07 00 93 07 c0 06 
63 12 f7 06 83 47 24 00 13 07 00 02 93 87 87 fa 
93 f7 f7 0f 63 6a f7 20 37 27 00 00 93 97 27 00 
13 07 07 03 b3 87 e7 00 83 a7 07 00 67 80 07 00 
83 27 c1 01 93 05 01 02 03 a5 07 00 93 87 47 00 
23 2e f1 00 ef f0 df ce 03 45 01 02 63 0c 05 00 
93 04 01 02 ef 00 40 3b 03 c5 14 00 93 84 14 00 
e3 1a 05 fe 13 04 14 00 03 45 14 00 13 04 14 00 
e3 1e 05 f4 83 24 41 09 03 29 01 09 83 29 c1 08 
83 2a 41 08 83 2c 41 07 83 20 c1 09 03 24 81 09 
13 01 01 0c 67 80 00 00 83 27 c1 01 b7 29 00 00 
93 04 80 00 03 a9 07 00 93 87 47 00 23 2e f1 00 
93 89 49 0b 93 57 c9 01 b3 87 f9 00 03 c5 07 00 
93 84 f4 ff 93 f4 f4 0f ef 00 00 34 13 19 49 00 
e3 92 04 fe 6f f0 1f f9 83 27 c1 01 93 87 77 00 
93 f7 87 ff 93 87 87 00 23 2e f1 00 6f f0 9f f7 
83 27 c1 01 03 a5 07 00 93 87 47 00 23 2e f1 00 
ef 00 80 30 6f f0 1f f6 03 27 c1 01 93 05 01 02 
b7 d7 9a 3b 83 26 07 00 13 07 47 00 23 26 b1 00 
23 2e e1 00 13 06 a0 00 13 05 00 00 93 87 07 a0 
93 08 10 00 13 08 a0 00 63 12 05 08 63 f0 f6 08 
63 86 17 2b 13 06 f6 ff b3 f6 f6 02 b3 d7 07 03 
e3 14 06 fe 23 80 05 00 03 45 01 02 e3 04 05 f0 
83 24 c1 00 ef 00 40 2a 03 c5 14 00 93 84 14 00 
e3 1a 05 fe 6f f0 1f ef 83 27 c1 01 83 a4 07 00 
93 87 47 00 23 2e f1 00 03 c5 04 00 e3 0c 05 ec 
ef 00 80 27 03 c5 14 00 93 84 14 00 e3 04 05 ec 
ef 00 80 26 03 c5 14 00 93 84 14 00 e3 12 05 fe 
6f f0 5f eb ef 00 40 25 6f f0 1f eb 33 d7 f6 02 
93 85 15 00 13 05 10 00 13 07 07 03 a3 8f e5 fe 
6f f0 5f f7 13 05 50 02 ef 00 00 23 6f f0 9f e8 
63 9c 04 16 13 88 0d 03 23 00 0a 01 13 0a 1a 00 
23 00 0a 00 03 45 01 02 63 0c 05 00 83 24 c1 00 
ef 00 80 20 03 c5 14 00 93 84 14 00 e3 1a 05 fe 
03 2a 81 08 03 2b 01 08 83 2b c1 07 03 2c 81 07 
03 2d 01 07 83 2d c1 06 13 04 24 00 6f f0 df e3 
83 27 c1 01 23 24 41 09 b7 29 00 00 93 87 77 00 
93 f7 87 ff 03 aa 07 00 83 a4 47 00 93 87 87 00 
13 09 00 01 23 2e f1 00 93 89 49 0b 93 d7 c4 01 
b3 87 f9 00 03 c5 07 00 13 09 f9 ff 93 94 44 00 
ef 00 80 19 93 57 ca 01 13 79 f9 0f b3 e4 97 00 
13 1a 4a 00 e3 1c 09 fc 03 2a 81 08 13 04 24 00 
6f f0 9f dd 83 27 c1 01 13 06 01 02 93 87 77 00 
93 f7 87 ff 03 a5 07 00 83 a5 47 00 93 87 87 00 
23 2e f1 00 ef f0 9f b2 03 45 01 02 e3 06 05 f6 
93 04 01 02 ef 00 40 14 03 c5 14 00 93 84 14 00 
e3 1a 05 fe 13 04 24 00 6f f0 1f d9 83 27 c1 01 
23 24 41 09 23 2e 71 07 93 87 77 00 93 f7 87 ff 
23 28 a1 07 23 26 b1 07 03 ad 47 00 83 ad 07 00 
13 0a 01 02 b7 24 c7 8a 93 87 87 00 37 d9 cc cc 
b7 db cc cc 23 20 61 09 23 2c 81 07 23 26 41 01 
23 2e f1 00 93 09 40 01 13 0b 00 00 b7 0c e8 89 
93 84 44 30 13 0c 50 00 13 09 d9 cc 93 8b cb cc 
6f 00 00 08 63 66 9d 00 63 98 a4 09 63 f6 9d 09 
93 07 10 00 e3 86 fc e8 13 86 0c 00 93 86 04 00 
13 85 0d 00 93 05 0d 00 ef e0 1f 8c b3 87 9c 00 
33 b7 97 01 b3 87 e7 00 b3 f7 87 03 13 8d 05 00 
93 89 f9 ff 93 0d 05 00 b3 87 fc 40 33 b6 fc 00 
b3 86 c4 40 b3 85 77 03 b3 86 26 03 33 b6 27 03 
b3 86 b6 00 b3 87 27 03 b3 86 c6 00 13 96 f6 01 
93 d4 16 00 93 d7 17 00 b3 6c f6 00 e3 8a 09 e2 
13 86 0c 00 93 86 04 00 13 85 0d 00 93 05 0d 00 
ef e0 8f c2 e3 08 0b f6 13 05 05 03 23 00 aa 00 
13 0b 10 00 13 0a 1a 00 6f f0 1f f7 93 86 06 03 
23 80 d5 00 a3 80 05 00 03 45 01 02 93 85 15 00 
e3 10 05 d6 6f f0 1f c6 b7 07 40 00 23 a6 a7 00 
13 05 00 00 67 80 00 00 37 25 00 00 13 01 01 fd 
13 05 05 0f 23 26 11 02 23 24 81 02 23 2c 41 01 
23 2a 51 01 23 28 61 01 23 26 71 01 23 24 81 01 
23 22 91 01 23 22 91 02 23 20 21 03 23 2e 31 01 
ef f0 5f 8a b7 27 00 00 03 a7 c7 1c b7 27 00 00 
83 a7 87 1c 13 06 f0 0f b7 26 00 00 83 a6 46 1d 
23 20 c7 00 13 06 50 05 37 27 00 00 03 27 07 1d 
23 a0 c7 00 b7 27 00 00 83 a7 47 1c 13 06 70 00 
23 a0 c6 00 93 06 c0 06 23 20 d7 00 83 a7 07 00 
b7 0a 40 00 93 8a ca 00 13 f7 f7 0f 93 d6 87 00 
23 a0 ea 00 93 f6 f6 0f 23 a0 da 00 13 d7 07 01 
b7 26 00 00 83 a6 06 1c 13 77 f7 0f 23 a0 ea 00 
93 d7 87 01 23 a0 fa 00 83 a7 06 00 37 25 00 00 
13 05 85 11 13 f7 f7 0f 93 d7 87 00 23 a0 ea 00 
93 f7 f7 0f 23 a0 fa 00 ef f0 cf ff b7 97 06 b7 
37 67 03 00 37 66 03 00 b7 26 00 00 37 25 00 00 
93 05 30 06 93 87 d7 fb 13 07 e7 9b 93 86 c6 11 
13 06 d6 9b 13 05 c5 12 ef f0 5f a4 b7 27 00 00 
03 a8 07 1a 83 a8 47 1a b7 26 00 00 b7 27 00 00 
03 a7 87 1a 03 a6 06 1b 83 a7 c7 1a 83 a6 46 1b 
37 25 00 00 13 05 05 15 ef f0 5f a1 37 25 00 00 
13 05 45 17 ef f0 9f a0 b7 27 00 00 83 ab 87 1b 
13 0a 00 00 13 04 10 00 93 0c 10 00 13 0b d0 02 
37 0c 00 80 6f 00 00 01 13 85 04 00 ef e0 df da 
63 4e 05 06 93 09 04 00 33 04 94 01 23 a0 6a 01 
13 05 04 00 ef f0 cf df 93 04 05 00 13 85 09 00 
ef f0 0f df 93 05 05 00 13 85 04 00 ef e0 1f a5 
13 09 05 00 33 85 89 00 ef f0 8f dd 93 85 04 00 
ef e0 df a3 93 05 05 00 13 05 09 00 ef f0 4f 92 
93 05 00 00 93 04 05 00 ef e0 1f d5 13 0a 1a 00 
93 85 0b 00 93 8c 09 00 e3 58 05 f8 b3 44 9c 00 
13 85 04 00 ef e0 5f d3 e3 56 05 f8 b7 27 00 00 
83 a5 c7 1b 13 05 09 00 ef e0 df dc ef f0 4f d1 
93 05 05 00 37 25 00 00 13 05 05 19 ef f0 1f 94 
37 25 00 00 93 05 0a 00 13 05 85 19 ef f0 1f 93 
b7 07 40 00 13 07 10 00 23 ac e7 00 6f 00 00 00 
c4 0a 00 00 4c 0b 00 00 d0 0a 00 00 4c 0b 00 00 
d8 0a 00 00 4c 0b 00 00 d0 0a 00 00 c4 0a 00 00 
c4 0a 00 00 d8 0a 00 00 d0 0a 00 00 a0 0a 00 00 
a0 0a 00 00 a0 0a 00 00 d8 0a 00 00 00 01 02 02 
03 03 03 03 04 04 04 04 04 04 04 04 05 05 05 05 
05 05 05 05 05 05 05 05 05 05 05 05 06 06 06 06 
06 06 06 06 06 06 06 06 06 06 06 06 06 06 06 06 
06 06 06 06 06 06 06 06 06 06 06 06 07 07 07 07 
07 07 07 07 07 07 07 07 07 07 07 07 07 07 07 07 
07 07 07 07 07 07 07 07 07 07 07 07 07 07 07 07 
07 07 07 07 07 07 07 07 07 07 07 07 07 07 07 07 
07 07 07 07 07 07 07 07 07 07 07 07 08 08 08 08 
08 08 08 08 08 08 08 08 08 08 08 08 08 08 08 08 
08 08 08 08 08 08 08 08 08 08 08 08 08 08 08 08 
08 08 08 08 08 08 08 08 08 08 08 08 08 08 08 08 
08 08 08 08 08 08 08 08 08 08 08 08 08 08 08 08 
08 08 08 08 08 08 08 08 08 08 08 08 08 08 08 08 
08 08 08 08 08 08 08 08 08 08 08 08 08 08 08 08 
08 08 08 08 08 08 08 08 08 08 08 08 08 08 08 08 
08 08 08 08 08 08 08 08 08 08 08 08 b8 18 00 00 
1c 18 00 00 1c 18 00 00 1c 18 00 00 1c 18 00 00 
1c 18 00 00 1c 18 00 00 1c 18 00 00 1c 18 00 00 
1c 18 00 00 1c 18 00 00 10 19 00 00 50 18 00 00 
1c 18 00 00 f8 18 00 00 1c 18 00 00 1c 18 00 00 
50 18 00 00 1c 18 00 00 1c 18 00 00 1c 18 00 00 
1c 18 00 00 1c 18 00 00 1c 18 00 00 1c 18 00 00 
1c 18 00 00 1c 18 00 00 98 19 00 00 1c 18 00 00 
28 19 00 00 1c 18 00 00 1c 18 00 00 b8 18 00 00 
50 1a 00 00 48 1a 00 00 48 1a 00 00 48 1a 00 00 
48 1a 00 00 48 1a 00 00 48 1a 00 00 48 1a 00 00 
48 1a 00 00 48 1a 00 00 48 1a 00 00 48 1a 00 00 
b4 1a 00 00 48 1a 00 00 48 1a 00 00 48 1a 00 00 
48 1a 00 00 b4 1a 00 00 48 1a 00 00 48 1a 00 00 
48 1a 00 00 48 1a 00 00 48 1a 00 00 48 1a 00 00 
48 1a 00 00 48 1a 00 00 48 1a 00 00 48 1a 00 00 
48 1a 00 00 fc 1a 00 00 48 1a 00 00 48 1a 00 00 
50 1a 00 00 30 31 32 33 34 35 36 37 38 39 41 42 
43 44 45 46 00 00 00 00 00 ca 9a 3b 00 e1 f5 05 
80 96 98 00 40 42 0f 00 a0 86 01 00 10 27 00 00 
e8 03 00 00 64 00 00 00 0a 00 00 00 01 00 00 00 
48 65 6c 6c 6f 20 66 72 6f 6d 20 54 68 6f 6c 69 
6e e2 80 99 73 20 52 49 53 43 2d 56 20 43 6f 72 
65 21 0d 0a 00 00 00 00 0d 0a 00 00 61 6e 6f 74 
68 65 72 20 73 74 72 69 6e 67 00 00 61 62 25 63 
20 25 64 20 22 25 73 22 20 68 65 78 3d 25 78 20 
75 6e 73 69 67 6e 65 64 3d 25 75 0a 00 00 00 00 
6c 6f 6e 67 73 3a 20 25 6c 64 20 68 65 78 3d 25 
6c 78 20 75 6e 73 69 67 6e 65 64 3d 25 6c 75 0a 
00 00 00 00 41 70 72 6f 78 69 6d 61 74 69 6e 67 
20 67 6f 6c 64 65 6e 20 72 61 74 69 6f 0a 00 00 
0d 0a 25 64 0d 0a 00 00 25 64 0d 0a 00 00 00 00 
29 aa 06 21 ee 25 d3 ed 11 4b 84 7a fe d2 86 25 
10 4b 84 7a fe d2 86 25 1f b1 4f 0a 00 00 7a 44 
50 ff ff ff 4c ff ff ff 18 ff ff ff 14 ff ff ff 
04 ff ff ff 00 ff ff ff 
